<<<<<<< HEAD
physionet2012_2_2_64_36_12_wo_ax : 0.3491555452346802
physionet2012_2_2_128_36_12_wo_ax : 0.3502567410469055
physionet2012_2_2_256_36_12_wo_ax : 0.35113054513931274
physionet2012_2_4_64_36_12_wo_ax : 0.3488295078277588
physionet2012_2_4_128_36_12_wo_ax : 0.3504799008369446
physionet2012_2_4_256_36_12_wo_ax : 0.34870636463165283
physionet2012_4_2_64_36_12_wo_ax : 0.34607988595962524
physionet2012_4_2_128_36_12_wo_ax : 0.34459155797958374
physionet2012_4_2_256_36_12_wo_ax : 0.3429870903491974
physionet2012_4_4_64_36_12_wo_ax : 0.3458378314971924
physionet2012_4_4_128_36_12_wo_ax : 0.3435347080230713
physionet2012_4_4_256_36_12_wo_ax : 0.345112681388855
=======
physionet2012_2_2_64_36_12_wo_ax : 0.34915733337402344
physionet2012_2_2_128_36_12_wo_ax : 0.35025620460510254
physionet2012_2_4_64_36_12_wo_ax : 0.34882766008377075
physionet2012_2_4_128_36_12_wo_ax : 0.3504784107208252
>>>>>>> ade2303b330cf7caa0f384f18716e101719fd502
