physionet2012_1_1_16_wo_og : 1.7254955768585205
physionet2012_1_1_32_wo_og : 0.7360662817955017
physionet2012_1_1_64_wo_og : 0.7236456871032715
physionet2012_1_2_16_wo_og : 0.8618923425674438
physionet2012_1_2_32_wo_og : 0.9311679601669312
physionet2012_1_2_64_wo_og : 0.9132387042045593
physionet2012_1_4_16_wo_og : 1.2443221807479858
physionet2012_1_4_32_wo_og : 0.9754139184951782
