physionet2012_2_2_32 : 0.3758772015571594
physionet2012_2_2_64 : 0.3728771507740021
physionet2012_2_2_128 : 0.37022385001182556
physionet2012_2_4_32 : 0.37680864334106445
physionet2012_2_4_64 : 0.3751949667930603
physionet2012_2_4_128 : 0.368747353553772
physionet2012_4_2_32 : 0.3701951503753662
physionet2012_4_2_64 : 0.375797837972641
physionet2012_4_2_128 : 0.36940187215805054
physionet2012_4_4_32 : 0.36918196082115173
physionet2012_4_4_64 : 0.3721826672554016
physionet2012_4_4_128 : 0.3680616021156311
