physionet2012_2_2_64_36_12_wo_ax : 0.34915733337402344
physionet2012_2_2_128_36_12_wo_ax : 0.35025620460510254
physionet2012_2_4_64_36_12_wo_ax : 0.34882766008377075
physionet2012_2_4_128_36_12_wo_ax : 0.3504784107208252
