physionet2012_2_2_64_36_12_wo_og : 0.34876757860183716
physionet2012_2_2_128_36_12_wo_og : 0.3494734764099121
physionet2012_2_4_64_36_12_wo_og : 0.34981441497802734
physionet2012_2_4_128_36_12_wo_og : 0.35023319721221924
