physionet2012_2_2_64_wo_og : 0.3455972671508789
physionet2012_2_2_128_wo_og : 0.34572166204452515
physionet2012_2_4_64_wo_og : 0.3449895977973938
physionet2012_2_4_128_wo_og : 0.3456500172615051
physionet2012_4_2_64_wo_og : 0.3468363583087921
