physionet2012_2_2_64_wo_ax : 0.9465147256851196
physionet2012_2_2_128_wo_ax : 0.8295460343360901
physionet2012_2_4_64_wo_ax : 0.8806358575820923
physionet2012_2_4_128_wo_ax : 0.7446094751358032
physionet2012_2_2_64_wo : 0.840604305267334
physionet2012_2_2_128_wo : 0.7699518799781799
physionet2012_2_4_64_wo : 0.805619478225708

physionet2012_2_2_64_ax : 0.3441515266895294
physionet2012_2_2_128_ax : 0.346128910779953
physionet2012_2_4_64_ax : 0.34411460161209106
physionet2012_2_4_128_ax : 0.34448808431625366
physionet2012_4_2_64_ax : 0.3466304838657379
physionet2012_4_2_128_ax : 0.3444885313510895
physionet2012_4_4_64_ax : 0.34403181076049805
physionet2012_4_4_128_ax : 0.34839779138565063
physionet2012_2_2_64 : 0.34565916657447815
physionet2012_2_2_128 : 0.34349656105041504
physionet2012_2_4_64 : 0.3450263440608978
physionet2012_2_4_128 : 0.3454210162162781
physionet2012_4_2_64 : 0.3475632965564728
physionet2012_4_2_128 : 0.34944647550582886
physionet2012_4_4_64 : 0.34569764137268066
physionet2012_4_4_128 : 0.34886324405670166
