physionet2012_2_2_64_36_12_wo_og : 0.34876757860183716
physionet2012_2_2_128_36_12_wo_og : 0.3494734764099121
physionet2012_2_2_256_36_12_wo_og : 0.35002434253692627
physionet2012_2_4_64_36_12_wo_og : 0.34981441497802734
physionet2012_2_4_128_36_12_wo_og : 0.35023319721221924
physionet2012_2_4_256_36_12_wo_og : 0.3512524664402008
physionet2012_4_2_64_36_12_wo_og : 0.3461504578590393
physionet2012_4_2_128_36_12_wo_og : 0.3444456160068512
physionet2012_4_2_256_36_12_wo_og : 0.34584158658981323
physionet2012_4_4_64_36_12_wo_og : 0.347167432308197
physionet2012_4_4_128_36_12_wo_og : 0.34402406215667725
physionet2012_4_4_256_36_12_wo_og : 0.34490323066711426
