physionet2012_2_2_64_wo_og : 0.34526440501213074
physionet2012_2_2_128_wo_og : 0.3468913733959198
physionet2012_2_4_64_wo_og : 0.3483237028121948
physionet2012_2_4_128_wo_og : 0.3455878496170044
